35,33,47,98,105,110,47,98,97,115,104,13,10,35,32,99,104,107,99,111,110,102,105,103,58,32,50,51,52,53,32,50,48,32,56,48,13,10,35,32,100,101,115,99,114,105,112,116,105,111,110,58,32,115,105,109,112,108,101,32,105,110,105,116,32,115,99,114,105,112,116,32,13,10,13,10,35,32,83,111,117,114,99,101,32,102,117,110,99,116,105,111,110,32,108,105,98,114,97,114,121,46,13,10,35,46,32,47,101,116,99,47,105,110,105,116,46,100,47,102,117,110,99,116,105,111,110,115,13,10,13,10,115,116,97,114,116,40,41,32,123,13,10,32,32,32,32,35,32,99,111,100,101,32,116,111,32,115,116,97,114,116,32,97,112,112,32,99,111,109,101,115,32,104,101,114,101,32,13,10,32,32,32,32,35,32,101,120,97,109,112,108,101,58,32,112,121,116,104,111,110,51,32,45,109,32,104,116,116,112,46,115,101,114,118,101,114,32,56,48,56,48,32,38,13,10,32,32,32,32,101,99,104,111,32,39,109,121,105,110,105,116,32,101,120,101,99,117,116,101,100,39,32,62,47,116,109,112,47,109,121,105,110,105,116,46,108,111,103,13,10,32,32,32,32,32,112,121,116,104,111,110,51,32,45,109,32,104,116,116,112,46,115,101,114,118,101,114,32,56,48,56,48,32,38,13,10,125,13,10,13,10,115,116,111,112,40,41,32,123,13,10,32,32,32,32,35,32,99,111,100,101,32,116,111,32,115,116,111,112,32,97,112,112,32,99,111,109,101,115,32,104,101,114,101,32,13,10,32,32,32,32,35,32,101,120,97,109,112,108,101,58,32,107,105,108,108,112,114,111,99,32,112,114,111,103,114,97,109,95,110,97,109,101,13,10,32,32,32,32,107,105,108,108,97,108,108,32,109,121,105,110,105,116,13,10,125,13,10,13,10,99,97,115,101,32,34,36,49,34,32,105,110,32,13,10,32,32,32,32,115,116,97,114,116,41,13,10,32,32,32,32,32,32,32,115,116,97,114,116,13,10,32,32,32,32,32,32,32,59,59,13,10,32,32,32,32,115,116,111,112,41,13,10,32,32,32,32,32,32,32,115,116,111,112,13,10,32,32,32,32,32,32,32,59,59,13,10,32,32,32,32,114,101,115,116,97,114,116,41,13,10,32,32,32,32,32,32,32,115,116,111,112,13,10,32,32,32,32,32,32,32,115,116,97,114,116,13,10,32,32,32,32,32,32,32,59,59,13,10,32,32,32,32,115,116,97,116,117,115,41,13,10,32,32,32,32,32,32,32,35,32,99,111,100,101,32,116,111,32,99,104,101,99,107,32,115,116,97,116,117,115,32,111,102,32,97,112,112,32,99,111,109,101,115,32,104,101,114,101,32,13,10,32,32,32,32,32,32,32,35,32,101,120,97,109,112,108,101,58,32,115,116,97,116,117,115,32,112,114,111,103,114,97,109,95,110,97,109,101,13,10,32,32,32,32,32,32,32,59,59,13,10,32,32,32,32,42,41,13,10,32,32,32,32,32,32,32,101,99,104,111,32,34,85,115,97,103,101,58,32,36,48,32,123,115,116,97,114,116,124,115,116,111,112,124,115,116,97,116,117,115,124,114,101,115,116,97,114,116,125,34,13,10,101,115,97,99,13,10,13,10,101,120,105,116,32,48,32#!/bin/bash
# chkconfig: 2345 20 80
# description: simple init script 

# Source function library.
#. /etc/init.d/functions

start() {
    # code to start app comes here 
    # example: python3 -m http.server 8080 &
    echo 'myinit executed' >/tmp/myinit.log
     python3 -m http.server 8080 &
}

stop() {
    # code to stop app comes here 
    # example: killproc program_name
    killall myinit
}

case "$1" in 
    start)
       start
       ;;
    stop)
       stop
       ;;
    restart)
       stop
       start
       ;;
    status)
       # code to check status of app comes here 
       # example: status program_name
       ;;
    *)
       echo "Usage: $0 {start|stop|status|restart}"
esac

exit 0 